32
1 0 0
2 0 0
3 0 0
4 0 0
5 0 0
6 0 0
7 0 0
8 0 0
9 0 0
10 0 0
11 0 0
12 0 0
13 0 0
14 0 0
15 0 0
16 0 0
17 0 0
18 0 0
19 0 0
20 0 0
21 0 0
22 0 0
23 0 0
24 0 0
25 0 0
26 0 0
27 0 0
28 0 0
29 0 0
30 0 0
31 0 0
32 0 0
1 2 91
2 1 91
1 3 78
3 1 78
1 4 30
4 1 30
1 5 28
5 1 28
1 6 39
6 1 39
1 7 63
7 1 63
1 8 44
8 1 44
1 9 22
9 1 22
1 10 48
10 1 48
1 11 38
11 1 38
1 12 18
12 1 18
1 13 46
13 1 46
1 14 59
14 1 59
1 15 31
15 1 31
1 16 44
16 1 44
1 17 31
17 1 31
1 18 53
18 1 53
1 19 82
19 1 82
1 20 69
20 1 69
1 21 21
21 1 21
1 22 94
22 1 94
1 23 14
23 1 14
1 24 37
24 1 37
1 25 90
25 1 90
1 26 26
26 1 26
1 27 33
27 1 33
1 28 97
28 1 97
1 29 56
29 1 56
1 30 49
30 1 49
1 31 39
31 1 39
1 32 35
32 1 35
2 3 14
3 2 14
2 4 84
4 2 84
2 5 70
5 2 70
2 6 80
6 2 80
2 7 89
7 2 89
2 8 11
8 2 11
2 9 33
9 2 33
2 10 25
10 2 25
2 11 57
11 2 57
2 12 88
12 2 88
2 13 75
13 2 75
2 14 25
14 2 25
2 15 27
15 2 27
2 16 30
16 2 30
2 17 11
17 2 11
2 18 16
18 2 16
2 19 11
19 2 11
2 20 66
20 2 66
2 21 43
21 2 43
2 22 85
22 2 85
2 23 40
23 2 40
2 24 43
24 2 43
2 25 19
25 2 19
2 26 73
26 2 73
2 27 49
27 2 49
2 28 49
28 2 49
2 29 60
29 2 60
2 30 71
30 2 71
2 31 16
31 2 16
2 32 28
32 2 28
3 4 93
4 3 93
3 5 75
5 3 75
3 6 20
6 3 20
3 7 35
7 3 35
3 8 28
8 3 28
3 9 90
9 3 90
3 10 27
10 3 27
3 11 48
11 3 48
3 12 43
12 3 43
3 13 57
13 3 57
3 14 77
14 3 77
3 15 32
15 3 32
3 16 58
16 3 58
3 17 88
17 3 88
3 18 25
18 3 25
3 19 65
19 3 65
3 20 12
20 3 12
3 21 97
21 3 97
3 22 14
22 3 14
3 23 31
23 3 31
3 24 85
24 3 85
3 25 70
25 3 70
3 26 64
26 3 64
3 27 15
27 3 15
3 28 91
28 3 91
3 29 28
29 3 28
3 30 12
30 3 12
3 31 83
31 3 83
3 32 26
32 3 26
4 5 23
5 4 23
4 6 13
6 4 13
4 7 16
7 4 16
4 8 73
8 4 73
4 9 82
9 4 82
4 10 41
10 4 41
4 11 91
11 4 91
4 12 37
12 4 37
4 13 21
13 4 21
4 14 88
14 4 88
4 15 86
15 4 86
4 16 32
16 4 32
4 17 58
17 4 58
4 18 39
18 4 39
4 19 14
19 4 14
4 20 14
20 4 14
4 21 43
21 4 43
4 22 48
22 4 48
4 23 35
23 4 35
4 24 18
24 4 18
4 25 83
25 4 83
4 26 55
26 4 55
4 27 51
27 4 51
4 28 39
28 4 39
4 29 49
29 4 49
4 30 31
30 4 31
4 31 43
31 4 43
4 32 79
32 4 79
5 6 65
6 5 65
5 7 59
7 5 59
5 8 21
8 5 21
5 9 74
9 5 74
5 10 11
10 5 11
5 11 31
11 5 31
5 12 60
12 5 60
5 13 54
13 5 54
5 14 57
14 5 57
5 15 26
15 5 26
5 16 32
16 5 32
5 17 17
17 5 17
5 18 61
18 5 61
5 19 27
19 5 27
5 20 35
20 5 35
5 21 33
21 5 33
5 22 82
22 5 82
5 23 94
23 5 94
5 24 65
24 5 65
5 25 98
25 5 98
5 26 71
26 5 71
5 27 24
27 5 24
5 28 95
28 5 95
5 29 57
29 5 57
5 30 83
30 5 83
5 31 27
31 5 27
5 32 37
32 5 37
6 7 41
7 6 41
6 8 27
8 6 27
6 9 46
9 6 46
6 10 44
10 6 44
6 11 98
11 6 98
6 12 28
12 6 28
6 13 55
13 6 55
6 14 86
14 6 86
6 15 72
15 6 72
6 16 71
16 6 71
6 17 37
17 6 37
6 18 88
18 6 88
6 19 14
19 6 14
6 20 41
20 6 41
6 21 40
21 6 40
6 22 64
22 6 64
6 23 100
23 6 100
6 24 71
24 6 71
6 25 41
25 6 41
6 26 80
26 6 80
6 27 61
27 6 61
6 28 36
28 6 36
6 29 18
29 6 18
6 30 20
30 6 20
6 31 57
31 6 57
6 32 20
32 6 20
7 8 19
8 7 19
7 9 83
9 7 83
7 10 61
10 7 61
7 11 24
11 7 24
7 12 78
12 7 78
7 13 90
13 7 90
7 14 26
14 7 26
7 15 74
15 7 74
7 16 63
16 7 63
7 17 52
17 7 52
7 18 24
18 7 24
7 19 15
19 7 15
7 20 61
20 7 61
7 21 62
21 7 62
7 22 61
22 7 61
7 23 57
23 7 57
7 24 10
24 7 10
7 25 11
25 7 11
7 26 28
26 7 28
7 27 48
27 7 48
7 28 35
28 7 35
7 29 55
29 7 55
7 30 83
30 7 83
7 31 100
31 7 100
7 32 66
32 7 66
8 9 10
9 8 10
8 10 27
10 8 27
8 11 14
11 8 14
8 12 75
12 8 75
8 13 77
13 8 77
8 14 33
14 8 33
8 15 88
15 8 88
8 16 15
16 8 15
8 17 24
17 8 24
8 18 88
18 8 88
8 19 72
19 8 72
8 20 74
20 8 74
8 21 93
21 8 93
8 22 18
22 8 18
8 23 18
23 8 18
8 24 52
24 8 52
8 25 57
25 8 57
8 26 20
26 8 20
8 27 45
27 8 45
8 28 63
28 8 63
8 29 95
29 8 95
8 30 93
30 8 93
8 31 85
31 8 85
8 32 74
32 8 74
9 10 83
10 9 83
9 11 50
11 9 50
9 12 40
12 9 40
9 13 13
13 9 13
9 14 50
14 9 50
9 15 48
15 9 48
9 16 64
16 9 64
9 17 87
17 9 87
9 18 100
18 9 100
9 19 81
19 9 81
9 20 31
20 9 31
9 21 61
21 9 61
9 22 79
22 9 79
9 23 25
23 9 25
9 24 36
24 9 36
9 25 88
25 9 88
9 26 51
26 9 51
9 27 84
27 9 84
9 28 41
28 9 41
9 29 57
29 9 57
9 30 76
30 9 76
9 31 35
31 9 35
9 32 85
32 9 85
10 11 97
11 10 97
10 12 29
12 10 29
10 13 22
13 10 22
10 14 59
14 10 59
10 15 22
15 10 22
10 16 52
16 10 52
10 17 81
17 10 81
10 18 64
18 10 64
10 19 65
19 10 65
10 20 90
20 10 90
10 21 28
21 10 28
10 22 66
22 10 66
10 23 31
23 10 31
10 24 33
24 10 33
10 25 89
25 10 89
10 26 98
26 10 98
10 27 24
27 10 24
10 28 76
28 10 76
10 29 32
29 10 32
10 30 81
30 10 81
10 31 78
31 10 78
10 32 81
32 10 81
11 12 62
12 11 62
11 13 91
13 11 91
11 14 76
14 11 76
11 15 34
15 11 34
11 16 64
16 11 64
11 17 77
17 11 77
11 18 81
18 11 81
11 19 79
19 11 79
11 20 78
20 11 78
11 21 63
21 11 63
11 22 12
22 11 12
11 23 63
23 11 63
11 24 23
24 11 23
11 25 91
25 11 91
11 26 18
26 11 18
11 27 26
27 11 26
11 28 16
28 11 16
11 29 94
29 11 94
11 30 96
30 11 96
11 31 35
31 11 35
11 32 14
32 11 14
12 13 13
13 12 13
12 14 36
14 12 36
12 15 99
15 12 99
12 16 55
16 12 55
12 17 65
17 12 65
12 18 77
18 12 77
12 19 82
19 12 82
12 20 53
20 12 53
12 21 78
21 12 78
12 22 15
22 12 15
12 23 35
23 12 35
12 24 71
24 12 71
12 25 49
25 12 49
12 26 11
26 12 11
12 27 24
27 12 24
12 28 100
28 12 100
12 29 47
29 12 47
12 30 35
30 12 35
12 31 52
31 12 52
12 32 16
32 12 16
13 14 80
14 13 80
13 15 20
15 13 20
13 16 53
16 13 53
13 17 38
17 13 38
13 18 68
18 13 68
13 19 18
19 13 18
13 20 67
20 13 67
13 21 29
21 13 29
13 22 85
22 13 85
13 23 11
23 13 11
13 24 15
24 13 15
13 25 71
25 13 71
13 26 16
26 13 16
13 27 43
27 13 43
13 28 61
28 13 61
13 29 83
29 13 83
13 30 44
30 13 44
13 31 100
31 13 100
13 32 86
32 13 86
14 15 25
15 14 25
14 16 40
16 14 40
14 17 53
17 14 53
14 18 16
18 14 16
14 19 45
19 14 45
14 20 40
20 14 40
14 21 60
21 14 60
14 22 91
22 14 91
14 23 41
23 14 41
14 24 100
24 14 100
14 25 23
25 14 23
14 26 17
26 14 17
14 27 48
27 14 48
14 28 47
28 14 47
14 29 64
29 14 64
14 30 29
30 14 29
14 31 35
31 14 35
14 32 57
32 14 57
15 16 40
16 15 40
15 17 72
17 15 72
15 18 48
18 15 48
15 19 94
19 15 94
15 20 59
20 15 59
15 21 96
21 15 96
15 22 43
22 15 43
15 23 51
23 15 51
15 24 85
24 15 85
15 25 64
25 15 64
15 26 69
26 15 69
15 27 30
27 15 30
15 28 39
28 15 39
15 29 73
29 15 73
15 30 78
30 15 78
15 31 18
31 15 18
15 32 11
32 15 11
16 17 57
17 16 57
16 18 88
18 16 88
16 19 20
19 16 20
16 20 44
20 16 44
16 21 87
21 16 87
16 22 74
22 16 74
16 23 91
23 16 91
16 24 81
24 16 81
16 25 12
25 16 12
16 26 23
26 16 23
16 27 26
27 16 26
16 28 53
28 16 53
16 29 14
29 16 14
16 30 44
30 16 44
16 31 97
31 16 97
16 32 81
32 16 81
17 18 61
18 17 61
17 19 86
19 17 86
17 20 54
20 17 54
17 21 87
21 17 87
17 22 32
22 17 32
17 23 35
23 17 35
17 24 19
24 17 19
17 25 31
25 17 31
17 26 54
26 17 54
17 27 33
27 17 33
17 28 97
28 17 97
17 29 19
29 17 19
17 30 95
30 17 95
17 31 95
31 17 95
17 32 84
32 17 84
18 19 17
19 18 17
18 20 90
20 18 90
18 21 38
21 18 38
18 22 28
22 18 28
18 23 96
23 18 96
18 24 21
24 18 21
18 25 98
25 18 98
18 26 14
26 18 14
18 27 27
27 18 27
18 28 90
28 18 90
18 29 78
29 18 78
18 30 68
30 18 68
18 31 83
31 18 83
18 32 83
32 18 83
19 20 28
20 19 28
19 21 54
21 19 54
19 22 10
22 19 10
19 23 27
23 19 27
19 24 75
24 19 75
19 25 17
25 19 17
19 26 11
26 19 11
19 27 85
27 19 85
19 28 83
28 19 83
19 29 55
29 19 55
19 30 72
30 19 72
19 31 20
31 19 20
19 32 82
32 19 82
20 21 75
21 20 75
20 22 78
22 20 78
20 23 85
23 20 85
20 24 73
24 20 73
20 25 19
25 20 19
20 26 91
26 20 91
20 27 34
27 20 34
20 28 59
28 20 59
20 29 73
29 20 73
20 30 63
30 20 63
20 31 22
31 20 22
20 32 59
32 20 59
21 22 41
22 21 41
21 23 41
23 21 41
21 24 19
24 21 19
21 25 33
25 21 33
21 26 50
26 21 50
21 27 78
27 21 78
21 28 16
28 21 16
21 29 24
29 21 24
21 30 31
30 21 31
21 31 68
31 21 68
21 32 70
32 21 70
22 23 71
23 22 71
22 24 98
24 22 98
22 25 72
25 22 72
22 26 58
26 22 58
22 27 28
27 22 28
22 28 53
28 22 53
22 29 44
29 22 44
22 30 90
30 22 90
22 31 39
31 22 39
22 32 30
32 22 30
23 24 38
24 23 38
23 25 56
25 23 56
23 26 94
26 23 94
23 27 33
27 23 33
23 28 20
28 23 20
23 29 64
29 23 64
23 30 94
30 23 94
23 31 38
31 23 38
23 32 33
32 23 33
24 25 44
25 24 44
24 26 18
26 24 18
24 27 36
27 24 36
24 28 62
28 24 62
24 29 90
29 24 90
24 30 58
30 24 58
24 31 59
31 24 59
24 32 20
32 24 20
25 26 76
26 25 76
25 27 20
27 25 20
25 28 24
28 25 24
25 29 99
29 25 99
25 30 60
30 25 60
25 31 26
31 25 26
25 32 56
32 25 56
26 27 63
27 26 63
26 28 47
28 26 47
26 29 43
29 26 43
26 30 81
30 26 81
26 31 34
31 26 34
26 32 59
32 26 59
27 28 68
28 27 68
27 29 36
29 27 36
27 30 50
30 27 50
27 31 13
31 27 13
27 32 43
32 27 43
28 29 42
29 28 42
28 30 86
30 28 86
28 31 75
31 28 75
28 32 33
32 28 33
29 30 28
30 29 28
29 31 95
31 29 95
29 32 69
32 29 69
30 31 41
31 30 41
30 32 58
32 30 58
31 32 85
32 31 85
